conv1:4.051892985501366
conv2:6.111735188161937
conv3:6.307404271700996
conv4:4.885136645544699
conv5:11.00021655645267
conv6:10.872164491872944
fc1:31.607574723335684
fc2:5.342900042892236

