conv1:2.8813662484156723
conv2:6.096195510948136
conv3:11.461130891711914
conv4:15.273839274885965
conv5:16.235956750110375
conv6:19.488580005756607
fc1:19.325342466316968
fc2:13.639696174304895

